0.7 0.7
0.7 0.7
0.7 0.7
0.7 0.7
0.7 0.7
0.7 0.7
0.7 0.7
0.7 0.7
0.7 0.7
0.7 0.7
0.6 0.7
0.7 0.7
0.7 0.7
0.7 0.7
0.7 0.7
0.7 0.7
0.7 0.7
0.7 0.7
0.7 0.7
0.7 0.7
0.6 0.7
0.7 0.7
0.7 0.7
0.7 0.7
0.7 0.7
0.7 0.7
0.7 0.7
0.7 0.7
0.7 0.7
0.7 0.7
0.6 0.7
0.7 0.7
0.7 0.7
0.7 0.7
0.7 0.7
0.5 0.7
0.7 0.7
0.7 0.7
0.7 0.7
0.7 0.7
0.6 0.7
0.7 0.7
0.7 0.7
0.7 0.7
0.7 0.7
0.7 0.7
0.7 0.7
0.7 0.7
0.7 0.7
0.7 0.7
0.6 0.7
0.7 0.7
0.7 0.7
0.7 0.7
0.6 0.7
0.6 0.7
0.7 0.7
0.6 0.7
0.7 0.7
0.7 0.7
0.7 0.9
0.7 0.9
0.7 0.9
0.7 0.9
0.7 0.9
0.7 0.9
0.7 0.9
0.7 0.9
0.7 0.9
0.7 0.9
0.6 0.9
0.7 0.9
0.7 0.9
0.7 0.9
0.7 0.9
0.7 0.9
0.7 0.9
0.7 0.9
0.7 0.9
0.7 0.9
0.7 0.9
0.7 0.9
0.7 0.9
0.7 0.9
0.7 0.9
0.7 0.9
0.7 0.9
0.7 0.9
0.7 0.9
0.7 0.9
0.6 0.9
0.7 0.9
0.7 0.9
0.7 0.9
0.7 0.9
0.7 0.9
0.7 0.9
0.7 0.9
0.7 0.9
0.7 0.9
0.7 0.73
0.71 0.73
0.71 0.73
0.71 0.73
0.71 0.73
0.71 0.73
0.71 0.73
0.71 0.73
0.71 0.73
0.71 0.73
0.66 0.76
0.68 0.76
0.68 0.76
0.68 0.76
0.68 0.76
0.68 0.76
0.68 0.76
0.68 0.76
0.68 0.76
0.68 0.76
0.6 0.9
0.7 0.9
0.7 0.9
0.7 0.9
0.7 0.9
0.7 0.9
0.7 0.9
0.7 0.9
0.7 0.9
0.7 0.9
0.7 0.9
0.7 0.9
0.7 0.9
0.7 0.9
0.7 0.9
0.7 0.9
0.7 0.9
0.7 0.9
0.7 0.9
0.7 0.9
0.6 0.9
0.7 0.9
0.7 0.9
0.7 0.9
0.7 0.9
0.7 0.9
0.7 0.9
0.7 0.9
0.7 0.9
0.7 0.9
0.7 0.9
0.7 0.9
0.7 0.9
0.7 0.9
0.7 0.9
0.7 0.9
0.7 0.9
0.7 0.9
0.7 0.9
0.7 0.9
0.7 0.9
0.7 0.9
0.7 0.9
0.7 0.9
0.7 0.9
0.7 0.9
0.7 0.9
0.7 0.9
0.7 0.9
0.7 0.9
0.7 0.9
0.7 0.9
0.7 0.9
0.7 0.9
0.7 0.9
0.7 0.9
0.7 0.9
0.7 0.9
0.7 0.9
0.7 0.9
0.6 0.9
0.7 0.9
0.7 0.9
0.7 0.9
0.7 0.9
0.7 0.9
0.7 0.9
0.7 0.9
0.7 0.9
0.7 0.9
0.7 0.9
0.7 0.9
0.7 0.9
0.7 0.9
0.7 0.9
0.7 0.9
0.7 0.9
0.7 0.9
0.7 0.9
0.7 0.9
0.7437275347877149 0.7794227552581943
0.7760062635680985 0.7889960496814833
0.7899213495142176 0.8002420014947151
0.8000640592191893 0.8062920388625929
0.8031602548133385 0.8051887967543329
0.8097797074628991 0.8044414391971244
0.8145841489020962 0.8114879533079469
0.8176803444962454 0.8017723050642371
0.8202427132638173 0.817146517669668
0.8226271397558632 0.8055446813053845
0.7471440264778106 0.7723843416370106
0.7813089433787679 0.7834875444839857
0.7930175451083669 0.7863345195729537
0.799565820847717 0.7972953736654804
0.8060073312217516 0.8004270462633452
0.8113455994875263 0.7941637010676157
0.8140503220755188 0.7982918149466193
0.8178938752268764 0.7857651245551601
0.8205630093597637 0.7958718861209965
0.8215594861027082 0.7913167259786477
0.8261503968112744 0.7967259786476868
0.8253674507989608 0.8019928825622776
0.8280365849318481 0.7980071174377225
0.8305633652443147 0.801423487544484
0.8348695683120396 0.7935943060498221
0.8356525143243532 0.7854804270462633
0.8396384212961315 0.7958718861209965
0.8403146019431297 0.7802135231316726
0.8437310936332254 0.7874733096085409
0.8421652016085982 0.7918861209964413
0.7401686892771985 0.7594306049822064
0.7656144346773907 0.7758007117437722
0.7776789209580413 0.7772241992882563
0.7873233922915406 0.7918861209964413
0.7966119790739884 0.7870462633451958
0.8044770276522296 0.7753736654804271
0.8108473611160539 0.7856227758007117
0.8178582867717712 0.7708185053380783
0.8216662514680237 0.7826334519572954
0.829958361507527 0.7837722419928825
0.8330545571016762 0.7686832740213523
0.8402078365778142 0.7128825622775801
0.8465781700416385 0.7779359430604982
0.8518452613972027 0.7565836298932385
0.8570767642976619 0.7158718861209964
0.8644435745044308 0.6452669039145907
0.870564788782519 0.7523131672597865
0.8773977721627104 0.6743060498220641
0.8827716288835902 0.7429181494661922
0.8873269511370512 0.7400711743772243
0.734866009466529 0.7335231316725979
0.73507954019716 0.722846975088968
0.73507954019716 0.720711743772242
0.73507954019716 0.7227046263345196
0.7350083632869497 0.7225622775800712
0.7349371863767394 0.7190035587188612
0.734866009466529 0.7187188612099644
0.7349371863767394 0.7215658362989323
0.7349015979216342 0.722846975088968
0.7349015979216342 0.7187188612099644
0.7349727748318445 0.7217081850533807
0.7352218940175806 0.7191459074733096
0.7351863055624756 0.7205693950177936
0.7353642478380014 0.7083274021352313
0.7358980746645788 0.7135943060498221
0.7357557208441582 0.7098932384341637
0.7364674899462614 0.7066192170818505
0.7360404284849995 0.7157295373665481
0.7368589629524183 0.7012099644128114
0.7375351435994163 0.7007829181494661
