12500
11080
9628
15592
8768
7684
3960
6296
7860
14880
25008
4748
16956
6948
8596
18704
16904
13836
20036
13172
11672
13956
16464
6716
12156
7360
15096
8404
27872
15240
22552
9820
8388
17308
7932
7708
12644
15036
17792
12364
8140
13108
12100
14756
10572
7776
10772
17180
10628
14740
9184
6692
16216
7336
8628
10872
14304
6852
15944
13736
23624
12972
14508
14412
9440
16644
8096
25536
14488
7752
19248
23016
4204
14736
14960
8096
5580
23372
17892
22796
15832
18564
20664
15052
11912
11088
25644
13492
8520
16516
8752
8732
9040
13416
16564
14864
8456
8380
20444
12872
12060
12496
5764
8512
12868
12840
12352
7648
9420
12332
8560
13052
8444
5476
16368
16244
6540
18456
23156
23944
13752
12728
26248
12916
16108
8668
8084
13660
31216
23428
21312
4604
16288
19340
17216
9808
8000
11784
17068
16968
14896
10376
7572
13940
8800
22028
12424
14752
9120
14800
15140
13772
8844
8652
27116
8936
7672
5580
13840
2264
13660
8816
26524
15132
16568
5836
4980
12400
13524
3800
19744
23348
11208
6756
16320
8384
29572
12796
14676
25724
25244
13252
12908
20460
4124
17884
8080
8700
5740
14984
7700
11476
9152
3516
7640
17124
26136
5732
12944
10536
14936
23128
16644
16632
14772
17632
14048
7516
15840
13920
17896
11932
23012
3480
14384
8120
16128
13052
7924
9140
15136
17984
14892
9992
15728
19952
11960
9840
27464
13848
3496
13840
29032
7976
14428
16100
4032
16788
7804
20076
19652
27104
13256
7984
20088
9404
12164
19988
9648
14200
3484
14740
17316
13892
10388
12240
10244
18072
10892
16408
8284
22740
8060
12424
8304
14316
16140
10712
16620
14300
17784
20304
7372
17936
19504
8912
21448
12032
8256
6648
26508
7908
18152
18492
13948
15916
17532
8756
7492
11476
12096
20224
5088
19832
14500
9228
15416
9648
6164
8328
16696
5928
7912
12796
28860
15960
14672
8012
17508
15224
6436
7460
11868
16104
6396
14692
17024
17048
21580
6940
33544
5924
14824
15160
17692
10448
12868
13524
11940
28240
13800
15624
20032
15472
9016
6324
19480
9208
14448
19208
8152
16056
21808
24700
6148
20716
12224
23680
12380
9492
18588
19508
26292
16868
13680
4196
16876
16496
15856
15520
12468
10696
19188
15164
15160
8496
16936
16152
15684
9512
17248
16984
16928
14704
28736
18868
10320
2556
12516
29284
14588
11140
7704
8864
12348
8772
8644
17192
4876
14424
7696
8480
8756
8348
11608
9360
13888
15668
9276
16056
16536
4648
12436
14536
3856
14388
17076
14424
9264
8808
13236
16016
6508
10792
12352
18800
14744
18412
11664
17316
17124
7336
15104
15860
13252
9832
16528
7924
4156
10764
13740
13204
25652
9972
9824
8852
6068
8908
14724
12468
10424
23312
12816
11132
13612
7352
13228
17528
4788
11488
9596
29364
13880
11456
18004
14236
16176
7492
25736
18332
12792
16892
22516
8152
12144
15536
8340
16744
10908
7148
12260
8428
13288
19432
15356
17384
8764
15832
16840
15484
16012
11940
16016
8240
1520
11884
13292
13780
7892
13192
13868
12056
7024
12876
29848
7060
17192
16036
10536
8124
13956
12080
29568
10400
14560
11192
12712
14668
17072
7324
14924
9556
6788
22876
8336
16036
12288
17008
17084
20268
16880
8524
13352
14700
30508
7832
15916
12816
10440
25788
8564
18104
7676
31844
7592
16756
28348
15692
9488
14288
17744
7780
16932
7800
16932
20180
12644
8600
14060
13232
12796
9340
8480
17684
14340
9076
16464
7356
13616
7596
14540
27348
17136
12432
14000
17308
16892
11112
9436
14068
4412
10804
10344
14448
13136
10556
7524
16504
17648
13076
4120
8136
4940
13136
5828
7456
22840
7260
8868
14760
10092
11704
12948
9196
14404
7316
11248
16200
16296
20360
5648
11548
12060
31672
11596
13176
10864
8928
16904
13208
13944
13532
12548
7060
15524
23460
14456
18256
16136
9504
2720
7000
17156
24880
12560
7612
10644
28516
14940
15692
11924
16356
8784
16300
3140
29336
23060
7112
17168
8856
19424
21784
17148
13928
15944
14700
9864
14324
8484
25792
12540
9596
9812
7600
27516
12576
28480
7132
8024
24988
16356
21824
16272
18888
16356
5284
17764
14056
12860
7484
13456
8568
9848
17088
8884
12172
9480
11616
13608
14932
19336
16024
12060
14428
3892
13092
9908
16796
17932
3428
21868
20452
12316
14708
16232
16764
15236
20288
11568
14316
6416
8828
8852
9988
17136
26552
10452
12144
16664
10728
9292
13208
13268
8892
16764
10188
23424
9328
17876
7576
7968
26860
16680
16804
12628
17748
16024
12176
9208
17216
21344
7324
13764
15284
13208
13896
15164
9980
5792
10560
13804
8152
7492
29612
6140
11236
13244
23632
16664
4952
10548
16724
17800
11344
16124
14948
9560
27444
13916
8140
17052
18476
13592
27760
8304
8860
22280
23500
8876
16056
13852
23368
16996
20040
16080
3316
12892
8116
15740
8576
9136
10096
15240
15876
14404
11228
8564
12824
3776
16952
8816
7788
14752
14004
20384
11388
16344
8108
7164
10504
17020
31388
16172
16832
13840
25600
17460
14316
16792
7304
20256
14332
7124
8148
16712
9224
17700
16996
14812
16612
18652
7848
25100
16764
15004
17468
4488
8400
12856
23188
17988
16400
10368
9136
9252
7800
13912
16408
15480
6692
13936
17612
13944
6232
5624
18784
17944
6980
12124
20848
14920
4992
13360
24704
7952
15896
9148
16928
16768
17180
28248
11224
25968
9244
14216
16412
16860
8448
10816
14908
15656
15748
17992
11236
8716
3292
6608
11440
19968
16364
15276
8228
13192
17184
15164
4196
16432
8536
13932
17412
10732
24180
18116
9580
14720
16192
13124
13396
10540
3976
20776
19876
16480
10020
9372
5068
11020
7636
18816
9440
8288
20016
8088
15164
16168
17616
14512
8916
4912
20152
16216
8260
17832
15444
13264
28828
8840
12472
12440
3184
8248
17936
13272
5900
14120
14012
10104
9068
19224
14748
29080
16240
8812
12424
14504
11216
18252
12464
15504
19492
7628
18428
5936
9192
7564
17092
14852
8076
21752
8344
18744
16624
17872
14152
10072
16504
14172
17864
8336
13352
15712
12080
16336
16068
16504
14216
13192
4588
17880
12408
20808
9692
15048
7444
15932
13560
7896
12540
18156
7048
13924
13696
14200
3220
7484
19068
4368
8168
19580
9440
